368196789
2873698883
1693158097
27279989
18539631
475292738
222249603
3108351
1652541
289118612
732515283902943232
15860542
85433682
1557315432
449600949
22961877
14511951
18745857
31869934
248714917
40918282
3134507540
2417344609
1917731
9300262
133315811
30354991
13850422
18464266
1899141181
2756720878
525821517
2831591483
244655353
1879831
33150468
1024126819
24673042
2273064468
2576238121
188656529
968885815
600349568
825553354394890240
887160132643115009
4065268685
67058543
32566876
22074965
1967699275
308593298
729763356
737677150703263744
64145834
2980625739
67989166
280756200
511402689
999470034
116525488
3125581648
17471979
275780722
852434642041004032
18164420
14222518
2363677027
843112550
155659213
23465218
978908012
23375688
35094637
148496087
347950601
255388236
136361303
79293791
119509520
16655930
157140968
954590804
24884768
40297195
555928038
20431922
136678264
558446365
953278568
1598644159
191717056
293850289
27466653
1132090693
479809444
24691376
36065771
81783051
14353392
25170188
29123186
1152279248
900894660
24190981
34507480
